,0,1
0,0,4444520
1,1,4444461
2,1,4444469
3,1,4444475
4,1,4444476
5,1,4444489
6,1,4444492
7,1,4444493
8,1,4444494
9,1,4444498
10,1,4444501
11,1,4444503
12,1,4444506
13,1,4444519
14,1,4444533
15,1,4444535
16,5,4444481
17,7,4444446
18,7,4444451
19,11,4444474
20,11,4444479
21,11,4444488
22,11,4444514
23,11,4444515
24,13,4444444
25,13,4444445
26,13,4444457
27,13,4444458
28,13,4444460
29,13,4444462
30,13,4444463
31,13,4444466
32,13,4444472
33,13,4444483
34,13,4444484
35,13,4444485
36,13,4444486
37,13,4444496
38,13,4444502
39,13,4444505
40,13,4444521
41,13,4444529
42,13,4444532
43,13,4444534
44,16,4444517
45,23,4444516
46,26,4444442
47,26,4444443
48,26,4444452
49,26,4444453
50,26,4444477
51,26,4444491
52,26,4444499
53,26,4444523
54,28,4444495
55,28,4444527
56,30,4444497
57,30,4444509
58,34,4444537
59,35,4444507
60,36,4444448
61,40,4444482
62,42,4444504
63,43,4444447
64,43,4444454
65,43,4444464
66,43,4444468
67,43,4444470
68,43,4444471
69,43,4444473
70,43,4444478
71,43,4444480
72,43,4444487
73,43,4444530
74,43,4444531
75,43,4444540
76,45,4444538
77,49,4444449
78,51,4444450
79,51,4444456
80,51,4444465
81,51,4444467
82,51,4444508
83,51,4444510
84,51,4444511
85,51,4444512
86,51,4444513
87,51,4444522
88,51,4444524
89,51,4444525
90,51,4444526
91,51,4444528
92,51,4444536
93,51,4444539
94,55,4444441
95,55,4444455
96,55,4444459
97,55,4444490
98,55,4444500
99,55,4444518
